Type	BF	DK	OMPBF	OMPDK	FROM	TO	NTHRDS
Dist	2514.614	2514.614	2514.614	2514.614	0	1	2
Time	0.00822	0.00804	0.00902	0.00911	0	1	2
Dist	2514.614	2514.614	2514.614	2514.614	0	1	3
Time	0.00812	0.00793	0.00903	0.00929	0	1	3
Dist	2514.614	2514.614	2514.614	2514.614	0	1	4
Time	0.00809	0.00795	0.00918	0.00924	0	1	4
Dist	2392.983	2392.983	2392.983	2392.983	0	2	2
Time	0.00831	0.00870	0.00940	0.00958	0	2	2
Dist	2392.983	2392.983	2392.983	2392.983	0	2	3
Time	0.00808	0.00784	0.00884	0.00942	0	2	3
Dist	2392.983	2392.983	2392.983	2392.983	0	2	4
Time	0.00780	0.00799	0.00880	0.00946	0	2	4
Dist	1377.046	1377.046	1377.046	1377.046	0	3	2
Time	0.00848	0.00869	0.00934	0.00938	0	3	2
Dist	1377.046	1377.046	1377.046	1377.046	0	3	3
Time	0.00807	0.00844	0.00938	0.00928	0	3	3
Dist	1377.046	1377.046	1377.046	1377.046	0	3	4
Time	0.00780	0.00877	0.00898	0.00914	0	3	4
Dist	2499.451	2499.451	2499.451	2499.451	0	4	2
Time	0.00803	0.00818	0.00896	0.00922	0	4	2
Dist	2499.451	2499.451	2499.451	2499.451	0	4	3
Time	0.00819	0.00817	0.00910	0.00939	0	4	3
Dist	2499.451	2499.451	2499.451	2499.451	0	4	4
Time	0.00837	0.00832	0.00941	0.00998	0	4	4
Dist	1680.652	1680.652	1680.652	1680.652	0	5	2
Time	0.00813	0.00831	0.00900	0.00915	0	5	2
Dist	1680.652	1680.652	1680.652	1680.652	0	5	3
Time	0.00816	0.00863	0.00930	0.00917	0	5	3
Dist	1680.652	1680.652	1680.652	1680.652	0	5	4
Time	0.00831	0.00792	0.00941	0.00955	0	5	4
Dist	2413.194	2413.194	2413.194	2413.194	0	6	2
Time	0.00804	0.00813	0.00892	0.00917	0	6	2
Dist	2413.194	2413.194	2413.194	2413.194	0	6	3
Time	0.00869	0.00819	0.00901	0.00889	0	6	3
Dist	2413.194	2413.194	2413.194	2413.194	0	6	4
Time	0.00823	0.00818	0.00900	0.00903	0	6	4
Dist	979.831	979.831	979.831	979.831	0	7	2
Time	0.00826	0.00805	0.00889	0.00948	0	7	2
Dist	979.831	979.831	979.831	979.831	0	7	3
Time	0.00773	0.00800	0.00906	0.00925	0	7	3
Dist	979.831	979.831	979.831	979.831	0	7	4
Time	0.00806	0.00817	0.00881	0.00928	0	7	4
Dist	2126.949	2126.949	2126.949	2126.949	0	8	2
Time	0.00798	0.00847	0.00922	0.00927	0	8	2
Dist	2126.949	2126.949	2126.949	2126.949	0	8	3
Time	0.00768	0.00833	0.00892	0.00916	0	8	3
Dist	2126.949	2126.949	2126.949	2126.949	0	8	4
Time	0.00814	0.00826	0.00923	0.00922	0	8	4
Dist	1961.146	1961.146	1961.146	1961.146	0	9	2
Time	0.00845	0.00823	0.00897	0.00946	0	9	2
Dist	1961.146	1961.146	1961.146	1961.146	0	9	3
Time	0.00808	0.00814	0.00883	0.00916	0	9	3
Dist	1961.146	1961.146	1961.146	1961.146	0	9	4
Time	0.00782	0.00807	0.00895	0.00917	0	9	4
Dist	1599.993	1599.993	1599.993	1599.993	0	10	2
Time	0.00817	0.00833	0.00959	0.00957	0	10	2
Dist	1599.993	1599.993	1599.993	1599.993	0	10	3
Time	0.00822	0.00813	0.00889	0.00916	0	10	3
Dist	1599.993	1599.993	1599.993	1599.993	0	10	4
Time	0.00827	0.00859	0.00940	0.00932	0	10	4
Dist	2621.050	2621.050	2621.050	2621.050	0	11	2
Time	0.00797	0.00838	0.00948	0.00938	0	11	2
Dist	2621.050	2621.050	2621.050	2621.050	0	11	3
Time	0.00846	0.00788	0.00882	0.00887	0	11	3
Dist	2621.050	2621.050	2621.050	2621.050	0	11	4
Time	0.00782	0.00800	0.00906	0.00918	0	11	4
Dist	2534.822	2534.822	2534.822	2534.822	0	12	2
Time	0.00807	0.00798	0.00897	0.00929	0	12	2
Dist	2534.822	2534.822	2534.822	2534.822	0	12	3
Time	0.00771	0.00813	0.00868	0.00892	0	12	3
Dist	2534.822	2534.822	2534.822	2534.822	0	12	4
Time	0.00755	0.00772	0.00877	0.00891	0	12	4
Dist	2812.066	2812.066	2812.066	2812.066	0	13	2
Time	0.00783	0.00815	0.00889	0.00893	0	13	2
Dist	2812.066	2812.066	2812.066	2812.066	0	13	3
Time	0.00826	0.00839	0.00894	0.00912	0	13	3
Dist	2812.066	2812.066	2812.066	2812.066	0	13	4
Time	0.00792	0.00803	0.00909	0.00898	0	13	4
Dist	2816.084	2816.084	2816.084	2816.084	0	14	2
Time	0.00774	0.00818	0.00920	0.00935	0	14	2
Dist	2816.084	2816.084	2816.084	2816.084	0	14	3
Time	0.00787	0.00804	0.00898	0.00931	0	14	3
Dist	2816.084	2816.084	2816.084	2816.084	0	14	4
Time	0.00802	0.00821	0.00878	0.00895	0	14	4
Dist	2648.688	2648.688	2648.688	2648.688	0	15	2
Time	0.00804	0.00788	0.00947	0.00947	0	15	2
Dist	2648.688	2648.688	2648.688	2648.688	0	15	3
Time	0.00782	0.00788	0.00892	0.00947	0	15	3
Dist	2648.688	2648.688	2648.688	2648.688	0	15	4
Time	0.00808	0.00742	0.00875	0.00910	0	15	4
Dist	2694.736	2694.736	2694.736	2694.736	0	16	2
Time	0.00830	0.00873	0.00936	0.00943	0	16	2
Dist	2694.736	2694.736	2694.736	2694.736	0	16	3
Time	0.00834	0.00841	0.00946	0.00982	0	16	3
Dist	2694.736	2694.736	2694.736	2694.736	0	16	4
Time	0.00837	0.00828	0.00940	0.00945	0	16	4
Dist	2795.426	2795.426	2795.426	2795.426	0	17	2
Time	0.00826	0.00797	0.00883	0.00938	0	17	2
Dist	2795.426	2795.426	2795.426	2795.426	0	17	3
Time	0.00760	0.00817	0.00851	0.00919	0	17	3
Dist	2795.426	2795.426	2795.426	2795.426	0	17	4
Time	0.00792	0.00807	0.00931	0.00918	0	17	4
Dist	600.563	600.563	600.563	600.563	0	18	2
Time	0.00771	0.00834	0.00909	0.00916	0	18	2
Dist	600.563	600.563	600.563	600.563	0	18	3
Time	0.00814	0.00785	0.00919	0.00934	0	18	3
Dist	600.563	600.563	600.563	600.563	0	18	4
Time	0.00784	0.00796	0.00952	0.00916	0	18	4
Dist	955.015	955.015	955.015	955.015	0	19	2
Time	0.00805	0.00829	0.00933	0.00932	0	19	2
Dist	955.015	955.015	955.015	955.015	0	19	3
Time	0.00836	0.00830	0.00930	0.00925	0	19	3
Dist	955.015	955.015	955.015	955.015	0	19	4
Time	0.00809	0.00815	0.00933	0.00927	0	19	4
Dist	960.484	960.484	960.484	960.484	0	20	2
Time	0.00819	0.00842	0.00942	0.00952	0	20	2
Dist	960.484	960.484	960.484	960.484	0	20	3
Time	0.00807	0.00816	0.00923	0.00932	0	20	3
Dist	960.484	960.484	960.484	960.484	0	20	4
Time	0.00803	0.00808	0.00910	0.00909	0	20	4
Dist	2713.803	2713.803	2713.803	2713.803	0	21	2
Time	0.00817	0.00792	0.00913	0.00920	0	21	2
Dist	2713.803	2713.803	2713.803	2713.803	0	21	3
Time	0.00769	0.00849	0.00878	0.00906	0	21	3
Dist	2713.803	2713.803	2713.803	2713.803	0	21	4
Time	0.00792	0.00820	0.00923	0.00920	0	21	4
Dist	1289.047	1289.047	1289.047	1289.047	0	22	2
Time	0.00873	0.00808	0.00917	0.00948	0	22	2
Dist	1289.047	1289.047	1289.047	1289.047	0	22	3
Time	0.00777	0.00820	0.00880	0.00920	0	22	3
Dist	1289.047	1289.047	1289.047	1289.047	0	22	4
Time	0.00816	0.00811	0.00933	0.00937	0	22	4
Dist	2852.657	2852.657	2852.657	2852.657	0	23	2
Time	0.00841	0.00842	0.00905	0.00913	0	23	2
Dist	2852.657	2852.657	2852.657	2852.657	0	23	3
Time	0.00808	0.00819	0.00881	0.00908	0	23	3
Dist	2852.657	2852.657	2852.657	2852.657	0	23	4
Time	0.00811	0.00798	0.00901	0.00889	0	23	4
Dist	848.200	848.200	848.200	848.200	0	24	2
Time	0.00870	0.00838	0.00915	0.00920	0	24	2
Dist	848.200	848.200	848.200	848.200	0	24	3
Time	0.00820	0.00848	0.00905	0.00909	0	24	3
Dist	848.200	848.200	848.200	848.200	0	24	4
Time	0.00824	0.00803	0.00891	0.00917	0	24	4
Dist	1024.449	1024.449	1024.449	1024.449	0	25	2
Time	0.00802	0.00826	0.00912	0.00912	0	25	2
Dist	1024.449	1024.449	1024.449	1024.449	0	25	3
Time	0.00809	0.00827	0.00916	0.00926	0	25	3
Dist	1024.449	1024.449	1024.449	1024.449	0	25	4
Time	0.00799	0.00825	0.00909	0.00913	0	25	4
Dist	1754.941	1754.941	1754.941	1754.941	0	26	2
Time	0.00827	0.00832	0.00932	0.00940	0	26	2
Dist	1754.941	1754.941	1754.941	1754.941	0	26	3
Time	0.00827	0.00848	0.00947	0.00936	0	26	3
Dist	1754.941	1754.941	1754.941	1754.941	0	26	4
Time	0.00821	0.00840	0.00917	0.00902	0	26	4
Dist	997.994	997.994	997.994	997.994	0	27	2
Time	0.00819	0.00842	0.00924	0.00932	0	27	2
Dist	997.994	997.994	997.994	997.994	0	27	3
Time	0.00800	0.00843	0.00905	0.00913	0	27	3
Dist	997.994	997.994	997.994	997.994	0	27	4
Time	0.00802	0.00821	0.00930	0.00922	0	27	4
Dist	1924.187	1924.187	1924.187	1924.187	0	28	2
Time	0.00878	0.00831	0.00917	0.00919	0	28	2
Dist	1924.187	1924.187	1924.187	1924.187	0	28	3
Time	0.00841	0.00835	0.00917	0.00908	0	28	3
Dist	1924.187	1924.187	1924.187	1924.187	0	28	4
Time	0.00779	0.00819	0.00894	0.00912	0	28	4
Dist	2362.065	2362.065	2362.065	2362.065	0	29	2
Time	0.00832	0.00826	0.00906	0.00943	0	29	2
Dist	2362.065	2362.065	2362.065	2362.065	0	29	3
Time	0.00807	0.00766	0.00909	0.00892	0	29	3
Dist	2362.065	2362.065	2362.065	2362.065	0	29	4
Time	0.00835	0.00807	0.00903	0.00903	0	29	4
Dist	2057.034	2057.034	2057.034	2057.034	0	30	2
Time	0.00816	0.00811	0.00900	0.00918	0	30	2
Dist	2057.034	2057.034	2057.034	2057.034	0	30	3
Time	0.00816	0.00859	0.00916	0.00935	0	30	3
Dist	2057.034	2057.034	2057.034	2057.034	0	30	4
Time	0.00759	0.00805	0.00897	0.00932	0	30	4
Dist	2016.034	2016.034	2016.034	2016.034	0	31	2
Time	0.00820	0.00824	0.00900	0.00887	0	31	2
Dist	2016.034	2016.034	2016.034	2016.034	0	31	3
Time	0.00790	0.00818	0.00903	0.00909	0	31	3
Dist	2016.034	2016.034	2016.034	2016.034	0	31	4
Time	0.00817	0.00879	0.00893	0.00978	0	31	4
Dist	2581.964	2581.964	2581.964	2581.964	0	32	2
Time	0.00832	0.00817	0.00888	0.00928	0	32	2
Dist	2581.964	2581.964	2581.964	2581.964	0	32	3
Time	0.00788	0.00769	0.00887	0.00895	0	32	3
Dist	2581.964	2581.964	2581.964	2581.964	0	32	4
Time	0.00790	0.00785	0.00912	0.00917	0	32	4
Dist	2832.939	2832.939	2832.939	2832.939	0	33	2
Time	0.00845	0.00811	0.00908	0.00926	0	33	2
Dist	2832.939	2832.939	2832.939	2832.939	0	33	3
Time	0.00801	0.00794	0.00888	0.00902	0	33	3
Dist	2832.939	2832.939	2832.939	2832.939	0	33	4
Time	0.00790	0.00784	0.00857	0.00910	0	33	4
Dist	2258.185	2258.185	2258.185	2258.185	0	34	2
Time	0.00844	0.00798	0.00897	0.00916	0	34	2
Dist	2258.185	2258.185	2258.185	2258.185	0	34	3
Time	0.00798	0.00768	0.00869	0.00892	0	34	3
Dist	2258.185	2258.185	2258.185	2258.185	0	34	4
Time	0.00807	0.00818	0.00892	0.00910	0	34	4
Dist	1049.901	1049.901	1049.901	1049.901	0	35	2
Time	0.00807	0.00797	0.00894	0.00922	0	35	2
Dist	1049.901	1049.901	1049.901	1049.901	0	35	3
Time	0.00822	0.00819	0.00924	0.00924	0	35	3
Dist	1049.901	1049.901	1049.901	1049.901	0	35	4
Time	0.00823	0.00840	0.00941	0.00925	0	35	4
Dist	2555.869	2555.869	2555.869	2555.869	0	36	2
Time	0.00795	0.00743	0.00869	0.00904	0	36	2
Dist	2555.869	2555.869	2555.869	2555.869	0	36	3
Time	0.00792	0.00767	0.00870	0.00887	0	36	3
Dist	2555.869	2555.869	2555.869	2555.869	0	36	4
Time	0.00762	0.00854	0.00929	0.00944	0	36	4
Dist	2288.045	2288.045	2288.045	2288.045	0	37	2
Time	0.00821	0.00771	0.00871	0.00944	0	37	2
Dist	2288.045	2288.045	2288.045	2288.045	0	37	3
Time	0.00826	0.00797	0.00914	0.00936	0	37	3
Dist	2288.045	2288.045	2288.045	2288.045	0	37	4
Time	0.00763	0.00796	0.00893	0.00928	0	37	4
Dist	1419.135	1419.135	1419.135	1419.135	0	38	2
Time	0.00785	0.00806	0.00897	0.00912	0	38	2
Dist	1419.135	1419.135	1419.135	1419.135	0	38	3
Time	0.00786	0.00761	0.00906	0.00913	0	38	3
Dist	1419.135	1419.135	1419.135	1419.135	0	38	4
Time	0.00780	0.00824	0.00884	0.00923	0	38	4
Dist	1336.720	1336.720	1336.720	1336.720	0	39	2
Time	0.00808	0.00785	0.00915	0.00948	0	39	2
Dist	1336.720	1336.720	1336.720	1336.720	0	39	3
Time	0.00870	0.00833	0.00942	0.00929	0	39	3
Dist	1336.720	1336.720	1336.720	1336.720	0	39	4
Time	0.00815	0.00811	0.00933	0.00927	0	39	4
Dist	2479.984	2479.984	2479.984	2479.984	0	40	2
Time	0.00798	0.00833	0.00914	0.00958	0	40	2
Dist	2479.984	2479.984	2479.984	2479.984	0	40	3
Time	0.00803	0.00844	0.00919	0.00917	0	40	3
Dist	2479.984	2479.984	2479.984	2479.984	0	40	4
Time	0.00782	0.00829	0.00923	0.00934	0	40	4
Dist	1463.624	1463.624	1463.624	1463.624	0	41	2
Time	0.00947	0.00850	0.00923	0.00989	0	41	2
Dist	1463.624	1463.624	1463.624	1463.624	0	41	3
Time	0.00819	0.00795	0.00898	0.00908	0	41	3
Dist	1463.624	1463.624	1463.624	1463.624	0	41	4
Time	0.00763	0.00817	0.00868	0.00898	0	41	4
Dist	1463.435	1463.435	1463.435	1463.435	0	42	2
Time	0.00883	0.00812	0.00903	0.00956	0	42	2
Dist	1463.435	1463.435	1463.435	1463.435	0	42	3
Time	0.00841	0.00779	0.00908	0.00931	0	42	3
Dist	1463.435	1463.435	1463.435	1463.435	0	42	4
Time	0.00799	0.00836	0.00920	0.00935	0	42	4
Dist	1459.037	1459.037	1459.037	1459.037	0	43	2
Time	0.00812	0.00829	0.00916	0.00942	0	43	2
Dist	1459.037	1459.037	1459.037	1459.037	0	43	3
Time	0.00819	0.00784	0.00878	0.00891	0	43	3
Dist	1459.037	1459.037	1459.037	1459.037	0	43	4
Time	0.00782	0.00785	0.00880	0.00925	0	43	4
Dist	1271.904	1271.904	1271.904	1271.904	0	44	2
Time	0.00802	0.00830	0.00919	0.00932	0	44	2
Dist	1271.904	1271.904	1271.904	1271.904	0	44	3
Time	0.00793	0.00816	0.00858	0.00920	0	44	3
Dist	1271.904	1271.904	1271.904	1271.904	0	44	4
Time	0.00795	0.00818	0.00907	0.00910	0	44	4
Dist	1910.011	1910.011	1910.011	1910.011	0	45	2
Time	0.00822	0.00859	0.00918	0.00933	0	45	2
Dist	1910.011	1910.011	1910.011	1910.011	0	45	3
Time	0.00810	0.00847	0.00913	0.00941	0	45	3
Dist	1910.011	1910.011	1910.011	1910.011	0	45	4
Time	0.00809	0.00826	0.00912	0.00915	0	45	4
Dist	1624.613	1624.613	1624.613	1624.613	0	46	2
Time	0.00829	0.00840	0.00918	0.00917	0	46	2
Dist	1624.613	1624.613	1624.613	1624.613	0	46	3
Time	0.00832	0.00795	0.00906	0.00924	0	46	3
Dist	1624.613	1624.613	1624.613	1624.613	0	46	4
Time	0.00790	0.00817	0.00874	0.00928	0	46	4
Dist	1819.265	1819.265	1819.265	1819.265	0	47	2
Time	0.00818	0.00848	0.00938	0.00959	0	47	2
Dist	1819.265	1819.265	1819.265	1819.265	0	47	3
Time	0.00850	0.00830	0.00898	0.00921	0	47	3
Dist	1819.265	1819.265	1819.265	1819.265	0	47	4
Time	0.00789	0.00818	0.00943	0.00936	0	47	4
Dist	2256.267	2256.267	2256.267	2256.267	0	48	2
Time	0.00779	0.00806	0.00919	0.00917	0	48	2
Dist	2256.267	2256.267	2256.267	2256.267	0	48	3
Time	0.00778	0.00780	0.00885	0.00874	0	48	3
Dist	2256.267	2256.267	2256.267	2256.267	0	48	4
Time	0.00812	0.00844	0.00913	0.00905	0	48	4
Dist	1642.490	1642.490	1642.490	1642.490	0	49	2
Time	0.00821	0.00830	0.00926	0.00903	0	49	2
Dist	1642.490	1642.490	1642.490	1642.490	0	49	3
Time	0.00768	0.00817	0.00873	0.00911	0	49	3
Dist	1642.490	1642.490	1642.490	1642.490	0	49	4
Time	0.00793	0.00833	0.00897	0.00930	0	49	4
Dist	1635.158	1635.158	1635.158	1635.158	0	50	2
Time	0.00827	0.00802	0.00899	0.00899	0	50	2
Dist	1635.158	1635.158	1635.158	1635.158	0	50	3
Time	0.00805	0.00746	0.00877	0.00893	0	50	3
Dist	1635.158	1635.158	1635.158	1635.158	0	50	4
Time	0.00799	0.00820	0.00941	0.00919	0	50	4
Dist	1639.027	1639.027	1639.027	1639.027	0	51	2
Time	0.00813	0.00840	0.00911	0.00921	0	51	2
Dist	1639.027	1639.027	1639.027	1639.027	0	51	3
Time	0.00840	0.00837	0.00917	0.00930	0	51	3
Dist	1639.027	1639.027	1639.027	1639.027	0	51	4
Time	0.00789	0.00831	0.00906	0.00927	0	51	4
Dist	1637.284	1637.284	1637.284	1637.284	0	52	2
Time	0.00816	0.00794	0.00876	0.00917	0	52	2
Dist	1637.284	1637.284	1637.284	1637.284	0	52	3
Time	0.00804	0.00807	0.00883	0.00906	0	52	3
Dist	1637.284	1637.284	1637.284	1637.284	0	52	4
Time	0.00806	0.00788	0.00888	0.00885	0	52	4
Dist	1698.577	1698.577	1698.577	1698.577	0	53	2
Time	0.00816	0.00828	0.00909	0.00914	0	53	2
Dist	1698.577	1698.577	1698.577	1698.577	0	53	3
Time	0.00791	0.00768	0.00861	0.00892	0	53	3
Dist	1698.577	1698.577	1698.577	1698.577	0	53	4
Time	0.00817	0.00809	0.00925	0.00937	0	53	4
Dist	2114.952	2114.952	2114.952	2114.952	0	54	2
Time	0.00836	0.00815	0.00934	0.00933	0	54	2
Dist	2114.952	2114.952	2114.952	2114.952	0	54	3
Time	0.00792	0.00814	0.00895	0.00917	0	54	3
Dist	2114.952	2114.952	2114.952	2114.952	0	54	4
Time	0.00800	0.00813	0.00888	0.00910	0	54	4
Dist	1964.766	1964.766	1964.766	1964.766	0	55	2
Time	0.00786	0.00800	0.00891	0.00926	0	55	2
Dist	1964.766	1964.766	1964.766	1964.766	0	55	3
Time	0.00787	0.00801	0.00918	0.00946	0	55	3
Dist	1964.766	1964.766	1964.766	1964.766	0	55	4
Time	0.00798	0.00774	0.00893	0.00903	0	55	4
Dist	1964.971	1964.971	1964.971	1964.971	0	56	2
Time	0.00877	0.00834	0.00936	0.00927	0	56	2
Dist	1964.971	1964.971	1964.971	1964.971	0	56	3
Time	0.00822	0.00803	0.00915	0.00920	0	56	3
Dist	1964.971	1964.971	1964.971	1964.971	0	56	4
Time	0.00798	0.00814	0.00915	0.00926	0	56	4
Dist	596.865	596.865	596.865	596.865	0	57	2
Time	0.00795	0.00813	0.00905	0.00908	0	57	2
Dist	596.865	596.865	596.865	596.865	0	57	3
Time	0.00793	0.00818	0.00885	0.00908	0	57	3
Dist	596.865	596.865	596.865	596.865	0	57	4
Time	0.00758	0.00773	0.00884	0.00903	0	57	4
Dist	1642.493	1642.493	1642.493	1642.493	0	58	2
Time	0.00824	0.00793	0.00890	0.00904	0	58	2
Dist	1642.493	1642.493	1642.493	1642.493	0	58	3
Time	0.00780	0.00794	0.00890	0.00916	0	58	3
Dist	1642.493	1642.493	1642.493	1642.493	0	58	4
Time	0.00787	0.00818	0.00890	0.00921	0	58	4
Dist	2597.165	2597.165	2597.165	2597.165	0	59	2
Time	0.00807	0.00810	0.00932	0.00919	0	59	2
Dist	2597.165	2597.165	2597.165	2597.165	0	59	3
Time	0.00765	0.00772	0.00862	0.00901	0	59	3
Dist	2597.165	2597.165	2597.165	2597.165	0	59	4
Time	0.00761	0.00763	0.00873	0.00897	0	59	4
Dist	2005.962	2005.962	2005.962	2005.962	0	60	2
Time	0.00838	0.00796	0.00894	0.00919	0	60	2
Dist	2005.962	2005.962	2005.962	2005.962	0	60	3
Time	0.00780	0.00807	0.00902	0.00907	0	60	3
Dist	2005.962	2005.962	2005.962	2005.962	0	60	4
Time	0.00792	0.00830	0.00907	0.00910	0	60	4
Dist	2007.079	2007.079	2007.079	2007.079	0	61	2
Time	0.00816	0.00774	0.00910	0.00938	0	61	2
Dist	2007.079	2007.079	2007.079	2007.079	0	61	3
Time	0.00821	0.00794	0.00933	0.00930	0	61	3
Dist	2007.079	2007.079	2007.079	2007.079	0	61	4
Time	0.00806	0.00822	0.00902	0.00906	0	61	4
Dist	111.412	111.412	111.412	111.412	0	62	2
Time	0.00818	0.00839	0.00937	0.00958	0	62	2
Dist	111.412	111.412	111.412	111.412	0	62	3
Time	0.00830	0.00787	0.00895	0.00913	0	62	3
Dist	111.412	111.412	111.412	111.412	0	62	4
Time	0.00819	0.00837	0.00929	0.00927	0	62	4
Dist	1427.176	1427.176	1427.176	1427.176	0	63	2
Time	0.00833	0.00806	0.00902	0.00936	0	63	2
Dist	1427.176	1427.176	1427.176	1427.176	0	63	3
Time	0.00923	0.00871	0.00985	0.01035	0	63	3
Dist	1427.176	1427.176	1427.176	1427.176	0	63	4
Time	0.00804	0.00834	0.00910	0.00935	0	63	4
Dist	1500.704	1500.704	1500.704	1500.704	0	64	2
Time	0.00791	0.00821	0.00890	0.00938	0	64	2
Dist	1500.704	1500.704	1500.704	1500.704	0	64	3
Time	0.00809	0.00762	0.00886	0.00886	0	64	3
Dist	1500.704	1500.704	1500.704	1500.704	0	64	4
Time	0.00777	0.00798	0.00912	0.00913	0	64	4
Dist	2382.444	2382.444	2382.444	2382.444	0	65	2
Time	0.00819	0.00789	0.00891	0.00916	0	65	2
Dist	2382.444	2382.444	2382.444	2382.444	0	65	3
Time	0.00823	0.00812	0.00889	0.00914	0	65	3
Dist	2382.444	2382.444	2382.444	2382.444	0	65	4
Time	0.00827	0.00839	0.00934	0.00978	0	65	4
Dist	2513.292	2513.292	2513.292	2513.292	0	66	2
Time	0.00810	0.00802	0.00933	0.00960	0	66	2
Dist	2513.292	2513.292	2513.292	2513.292	0	66	3
Time	0.00792	0.00833	0.00919	0.01008	0	66	3
Dist	2513.292	2513.292	2513.292	2513.292	0	66	4
Time	0.00791	0.00839	0.00925	0.00923	0	66	4
Dist	2067.315	2067.315	2067.315	2067.315	0	67	2
Time	0.00854	0.00903	0.00949	0.00979	0	67	2
Dist	2067.315	2067.315	2067.315	2067.315	0	67	3
Time	0.00824	0.00816	0.00918	0.00917	0	67	3
Dist	2067.315	2067.315	2067.315	2067.315	0	67	4
Time	0.00840	0.00836	0.00922	0.00907	0	67	4
Dist	1781.843	1781.843	1781.843	1781.843	0	68	2
Time	0.00847	0.00853	0.00910	0.00934	0	68	2
Dist	1781.843	1781.843	1781.843	1781.843	0	68	3
Time	0.00818	0.00800	0.00884	0.00915	0	68	3
Dist	1781.843	1781.843	1781.843	1781.843	0	68	4
Time	0.00800	0.00814	0.00907	0.00910	0	68	4
Dist	1565.208	1565.208	1565.208	1565.208	0	69	2
Time	0.00781	0.00807	0.00899	0.00929	0	69	2
Dist	1565.208	1565.208	1565.208	1565.208	0	69	3
Time	0.00798	0.00799	0.00882	0.00921	0	69	3
Dist	1565.208	1565.208	1565.208	1565.208	0	69	4
Time	0.00799	0.00804	0.00900	0.00886	0	69	4
Dist	1868.967	1868.967	1868.967	1868.967	0	70	2
Time	0.00818	0.00827	0.00925	0.00940	0	70	2
Dist	1868.967	1868.967	1868.967	1868.967	0	70	3
Time	0.00821	0.00778	0.00880	0.00902	0	70	3
Dist	1868.967	1868.967	1868.967	1868.967	0	70	4
Time	0.00812	0.00834	0.00897	0.00897	0	70	4
Dist	2098.549	2098.549	2098.549	2098.549	0	71	2
Time	0.00838	0.00854	0.00954	0.00956	0	71	2
Dist	2098.549	2098.549	2098.549	2098.549	0	71	3
Time	0.00856	0.00839	0.00904	0.00894	0	71	3
Dist	2098.549	2098.549	2098.549	2098.549	0	71	4
Time	0.00777	0.00781	0.00860	0.00920	0	71	4
Dist	579.352	579.352	579.352	579.352	0	72	2
Time	0.00793	0.00822	0.00897	0.00913	0	72	2
Dist	579.352	579.352	579.352	579.352	0	72	3
Time	0.00791	0.00827	0.00912	0.00910	0	72	3
Dist	579.352	579.352	579.352	579.352	0	72	4
Time	0.00793	0.00781	0.00884	0.00901	0	72	4
Dist	2299.330	2299.330	2299.330	2299.330	0	73	2
Time	0.00876	0.00850	0.00898	0.00949	0	73	2
Dist	2299.330	2299.330	2299.330	2299.330	0	73	3
Time	0.00815	0.00832	0.00902	0.00936	0	73	3
Dist	2299.330	2299.330	2299.330	2299.330	0	73	4
Time	0.00800	0.00826	0.00914	0.00899	0	73	4
Dist	2346.652	2346.652	2346.652	2346.652	0	74	2
Time	0.00790	0.00799	0.00909	0.00925	0	74	2
Dist	2346.652	2346.652	2346.652	2346.652	0	74	3
Time	0.00798	0.00763	0.00891	0.00891	0	74	3
Dist	2346.652	2346.652	2346.652	2346.652	0	74	4
Time	0.00788	0.00774	0.00877	0.00895	0	74	4
Dist	1579.890	1579.890	1579.890	1579.890	0	75	2
Time	0.00786	0.00811	0.00896	0.00918	0	75	2
Dist	1579.890	1579.890	1579.890	1579.890	0	75	3
Time	0.00798	0.00765	0.00859	0.00910	0	75	3
Dist	1579.890	1579.890	1579.890	1579.890	0	75	4
Time	0.00788	0.00796	0.00919	0.00934	0	75	4
Dist	1114.417	1114.417	1114.417	1114.417	0	76	2
Time	0.00826	0.00822	0.00937	0.00918	0	76	2
Dist	1114.417	1114.417	1114.417	1114.417	0	76	3
Time	0.00791	0.00802	0.00894	0.00886	0	76	3
Dist	1114.417	1114.417	1114.417	1114.417	0	76	4
Time	0.00801	0.00864	0.00918	0.00913	0	76	4
Dist	1272.074	1272.074	1272.074	1272.074	0	77	2
Time	0.00769	0.00804	0.00898	0.00937	0	77	2
Dist	1272.074	1272.074	1272.074	1272.074	0	77	3
Time	0.00813	0.00814	0.00878	0.00897	0	77	3
Dist	1272.074	1272.074	1272.074	1272.074	0	77	4
Time	0.00814	0.00833	0.00924	0.00930	0	77	4
Dist	872.622	872.622	872.622	872.622	0	78	2
Time	0.00807	0.00795	0.00888	0.00941	0	78	2
Dist	872.622	872.622	872.622	872.622	0	78	3
Time	0.00796	0.00790	0.00883	0.00900	0	78	3
Dist	872.622	872.622	872.622	872.622	0	78	4
Time	0.00797	0.00811	0.00861	0.00912	0	78	4
Dist	1959.234	1959.234	1959.234	1959.234	0	79	2
Time	0.00846	0.00826	0.00908	0.00950	0	79	2
Dist	1959.234	1959.234	1959.234	1959.234	0	79	3
Time	0.00847	0.00798	0.00901	0.00947	0	79	3
Dist	1959.234	1959.234	1959.234	1959.234	0	79	4
Time	0.00776	0.00822	0.00908	0.00941	0	79	4
Dist	773.549	773.549	773.549	773.549	0	80	2
Time	0.00785	0.00827	0.00874	0.00921	0	80	2
Dist	773.549	773.549	773.549	773.549	0	80	3
Time	0.00792	0.00790	0.00887	0.00905	0	80	3
Dist	773.549	773.549	773.549	773.549	0	80	4
Time	0.00770	0.00802	0.00947	0.00905	0	80	4
Dist	2465.722	2465.722	2465.722	2465.722	0	81	2
Time	0.00812	0.00754	0.00894	0.00924	0	81	2
Dist	2465.722	2465.722	2465.722	2465.722	0	81	3
Time	0.00778	0.00828	0.00887	0.00901	0	81	3
Dist	2465.722	2465.722	2465.722	2465.722	0	81	4
Time	0.00798	0.00851	0.00905	0.00926	0	81	4
Dist	2205.750	2205.750	2205.750	2205.750	0	82	2
Time	0.00780	0.00778	0.00861	0.00909	0	82	2
Dist	2205.750	2205.750	2205.750	2205.750	0	82	3
Time	0.00816	0.00755	0.00871	0.00913	0	82	3
Dist	2205.750	2205.750	2205.750	2205.750	0	82	4
Time	0.00781	0.00770	0.00883	0.00911	0	82	4
Dist	2020.714	2020.714	2020.714	2020.714	0	83	2
Time	0.00832	0.00815	0.00897	0.00930	0	83	2
Dist	2020.714	2020.714	2020.714	2020.714	0	83	3
Time	0.00781	0.00774	0.00874	0.00908	0	83	3
Dist	2020.714	2020.714	2020.714	2020.714	0	83	4
Time	0.00773	0.00811	0.00899	0.00915	0	83	4
Dist	1559.430	1559.430	1559.430	1559.430	0	84	2
Time	0.00806	0.00804	0.00888	0.00948	0	84	2
Dist	1559.430	1559.430	1559.430	1559.430	0	84	3
Time	0.00813	0.00772	0.00899	0.00952	0	84	3
Dist	1559.430	1559.430	1559.430	1559.430	0	84	4
Time	0.00824	0.00756	0.00888	0.00909	0	84	4
Dist	2612.988	2612.988	2612.988	2612.988	0	85	2
Time	0.00827	0.00787	0.00902	0.00930	0	85	2
Dist	2612.988	2612.988	2612.988	2612.988	0	85	3
Time	0.00825	0.00838	0.00897	0.00943	0	85	3
Dist	2612.988	2612.988	2612.988	2612.988	0	85	4
Time	0.00808	0.00863	0.00906	0.00928	0	85	4
Dist	1751.924	1751.924	1751.924	1751.924	0	86	2
Time	0.00818	0.00820	0.00907	0.00940	0	86	2
Dist	1751.924	1751.924	1751.924	1751.924	0	86	3
Time	0.00842	0.00794	0.00892	0.00913	0	86	3
Dist	1751.924	1751.924	1751.924	1751.924	0	86	4
Time	0.00818	0.00813	0.00933	0.00910	0	86	4
Dist	1071.617	1071.617	1071.617	1071.617	0	87	2
Time	0.00819	0.00835	0.00936	0.00947	0	87	2
Dist	1071.617	1071.617	1071.617	1071.617	0	87	3
Time	0.00820	0.00819	0.00923	0.00926	0	87	3
Dist	1071.617	1071.617	1071.617	1071.617	0	87	4
Time	0.00823	0.00793	0.00943	0.00920	0	87	4
Dist	1652.752	1652.752	1652.752	1652.752	0	88	2
Time	0.00784	0.00812	0.00880	0.00950	0	88	2
Dist	1652.752	1652.752	1652.752	1652.752	0	88	3
Time	0.00813	0.00858	0.00918	0.00909	0	88	3
Dist	1652.752	1652.752	1652.752	1652.752	0	88	4
Time	0.00808	0.00750	0.00895	0.00927	0	88	4
Dist	1809.854	1809.854	1809.854	1809.854	0	89	2
Time	0.00807	0.00795	0.00879	0.00923	0	89	2
Dist	1809.854	1809.854	1809.854	1809.854	0	89	3
Time	0.00783	0.00810	0.00878	0.00929	0	89	3
Dist	1809.854	1809.854	1809.854	1809.854	0	89	4
Time	0.00798	0.00814	0.00923	0.00923	0	89	4
Dist	1420.000	1420.000	1420.000	1420.000	0	90	2
Time	0.00812	0.00765	0.00899	0.00909	0	90	2
Dist	1420.000	1420.000	1420.000	1420.000	0	90	3
Time	0.00822	0.00851	0.00949	0.00919	0	90	3
Dist	1420.000	1420.000	1420.000	1420.000	0	90	4
Time	0.00820	0.00814	0.00932	0.00926	0	90	4
Dist	1774.641	1774.641	1774.641	1774.641	0	91	2
Time	0.00843	0.00845	0.00916	0.00955	0	91	2
Dist	1774.641	1774.641	1774.641	1774.641	0	91	3
Time	0.00817	0.00810	0.00911	0.00919	0	91	3
Dist	1774.641	1774.641	1774.641	1774.641	0	91	4
Time	0.00775	0.00795	0.00915	0.00914	0	91	4
Dist	1685.297	1685.297	1685.297	1685.297	0	92	2
Time	0.00813	0.00818	0.00905	0.00928	0	92	2
Dist	1685.297	1685.297	1685.297	1685.297	0	92	3
Time	0.00798	0.00816	0.00928	0.00920	0	92	3
Dist	1685.297	1685.297	1685.297	1685.297	0	92	4
Time	0.00829	0.00847	0.00916	0.00932	0	92	4
Dist	2198.232	2198.232	2198.232	2198.232	0	93	2
Time	0.00857	0.00822	0.00909	0.00911	0	93	2
Dist	2198.232	2198.232	2198.232	2198.232	0	93	3
Time	0.00824	0.00805	0.00906	0.00939	0	93	3
Dist	2198.232	2198.232	2198.232	2198.232	0	93	4
Time	0.00792	0.00837	0.00895	0.00922	0	93	4
Dist	2199.704	2199.704	2199.704	2199.704	0	94	2
Time	0.00823	0.00880	0.00927	0.00961	0	94	2
Dist	2199.704	2199.704	2199.704	2199.704	0	94	3
Time	0.00806	0.00817	0.00890	0.00936	0	94	3
Dist	2199.704	2199.704	2199.704	2199.704	0	94	4
Time	0.00799	0.00767	0.00894	0.00904	0	94	4
Dist	2468.680	2468.680	2468.680	2468.680	0	95	2
Time	0.00806	0.00799	0.00886	0.00928	0	95	2
Dist	2468.680	2468.680	2468.680	2468.680	0	95	3
Time	0.00786	0.00794	0.00882	0.00911	0	95	3
Dist	2468.680	2468.680	2468.680	2468.680	0	95	4
Time	0.00758	0.00795	0.00886	0.00923	0	95	4
Dist	2432.881	2432.881	2432.881	2432.881	0	96	2
Time	0.00824	0.00825	0.00918	0.00932	0	96	2
Dist	2432.881	2432.881	2432.881	2432.881	0	96	3
Time	0.00778	0.00818	0.00882	0.00912	0	96	3
Dist	2432.881	2432.881	2432.881	2432.881	0	96	4
Time	0.00792	0.00793	0.00878	0.00925	0	96	4
Dist	1506.685	1506.685	1506.685	1506.685	0	97	2
Time	0.00816	0.00788	0.00904	0.00936	0	97	2
Dist	1506.685	1506.685	1506.685	1506.685	0	97	3
Time	0.00840	0.00795	0.00887	0.00910	0	97	3
Dist	1506.685	1506.685	1506.685	1506.685	0	97	4
Time	0.00828	0.00842	0.00915	0.00916	0	97	4
Dist	1721.427	1721.427	1721.427	1721.427	0	98	2
Time	0.00816	0.00815	0.00909	0.00934	0	98	2
Dist	1721.427	1721.427	1721.427	1721.427	0	98	3
Time	0.00778	0.00795	0.00907	0.00915	0	98	3
Dist	1721.427	1721.427	1721.427	1721.427	0	98	4
Time	0.00782	0.00846	0.00889	0.00905	0	98	4
Dist	1750.173	1750.173	1750.173	1750.173	0	99	2
Time	0.00792	0.00771	0.00886	0.00908	0	99	2
Dist	1750.173	1750.173	1750.173	1750.173	0	99	3
Time	0.00858	0.00817	0.00907	0.00906	0	99	3
Dist	1750.173	1750.173	1750.173	1750.173	0	99	4
Time	0.00816	0.00783	0.00908	0.00935	0	99	4
Dist	2136.603	2136.603	2136.603	2136.603	0	100	2
Time	0.00841	0.00839	0.00909	0.00925	0	100	2
Dist	2136.603	2136.603	2136.603	2136.603	0	100	3
Time	0.00771	0.00793	0.00897	0.00914	0	100	3
Dist	2136.603	2136.603	2136.603	2136.603	0	100	4
Time	0.00785	0.00822	0.00895	0.00884	0	100	4
